       90
       90
       90
       90
       90
       90
       90
       90
       90
       90
       90
       90
       90
       90
       90
       90
       90
       90
       90
       90
       90
       90
       90
       90
       90
       90
       90
       90
       90
       90
       90
       90
       90
       90
       88
       88
       90
       90
       90
       90
       90
       90
       90
       90
       90
       90
       90
       90
       90
       90
       90
       90
       90
       90
       90
       90
       90
       90
       90
       90
       90
       90
       92
       94
       94
       94
       94
       94
       94
       94
       94
       94
       94
       94
       94
       94
       94
       94
       94
       94
       94
       94
       94
       94
       94
       94
       94
       94
       94
       94
       94
       94
       94
       94
       94
       94
       94
       94
       94
       94
       94
       94
       94
       94
       94
       94
       94
       94
       94
       94
       94
       94
       94
       94
       94
       94
       94
       94
       94
       94
       94
       94
       94
       94
       94
       94
       94
       94
       94
       94
       94
       94
       94
       94
       94
       94
       94
       94
       94
       94
       94
       94
       94
       94
       94
       94
       94
       94
       94
       60
       60
       58
       58
       58
       56
       56
       56
       56
       56
       56
       56
       56
       56
       56
       56
       56
       56
       56
       56
       56
       56
       56
       56
       56
       56
       56
       56
       56
       56
       56
       56
       58
       58
       58
       58
       58
       58
       58
       58
       58
       58
       58
       58
       58
       58
       58
       58
       58
       58
       58
       58
       58
       58
       58
       58
       58
       58
       58
       58
       58
       58
       58
       58
       58
       58
       58
       58
       58
       58
       58
       58
       58
       58
       58
       58
       58
       58
       58
       58
       58
       58
       58
       58
       58
       58
       58
       58
       58
       58
       58
       58
       58
       58
       58
       58
       58
       58
       58
       56
       56
       56
       56
       56
       56
       58
       58
       60
       60
       60
       60
       62
       62
       62
       62
       62
       62
       64
       62
       62
       62
       62
       64
       66
       67
       69
       69
       69
       73
       73
       75
       75
       71
       71
       71
       69
       67
       67
       64
       66
       62
       62
       62
       62
       60
       60
       60
       60
       64
       64
       66
       64
       64
       64
       64
       62
       62
       62
       62
       66
       66
       64
       64
       64
       62
       64
       64
       62
       60
       58
       60
       60
       62
       64
       69
       69
       69
       69
       69
       69
       71
       69
       73
       73
       77
       79
       79
       79
       81
       81
       81
       81
       83
       83
       83
       83
       83
       83
       83
       84
       84
       86
       84
       84
       84
       84
       84
       86
       86
       88
       90
       90
       90
       92
       92
       92
       94
       94
       96
       96
       96
       96
       96
       94
       94
       94
       94
       94
       94
       94
       94
       96
       96
       98
       98
       98
       96
       96
       96
       96
       96
       96
       96
       96
       96
       94
       92
       90
       88
       86
       84
       84
       84
       84
       84
       83
       84
       83
       83
       83
       81
       81
       81
       83
       84
       83
       83
       83
       81
       81
       81
       81
       81
       81
       81
       81
       81
       83
       81
       81
       81
       81
       81
       81
       77
       77
       75
       75
       75
       77
       79
       79
       79
       81
       81
       81
       83
       84
       84
       84
       84
       84
       84
       84
       84
       84
       83
       83
       83
       83
       83
       83
       83
       86
       86
       86
       88
       88
       88
       88
       90
       90
       90
       90
       90
       90
       90
       90
       90
       88
       88
       90
       90
       92
       90
       90
       90
       88
       88
       84
       84
       84
       84
       84
       84
       84
       84
       84
       84
       84
       86
       86
       86
       84
       83
       83
       83
       84
       84
       83
       83
       83
       83
       83
       83
       83
       83
       83
       83
       83
       83
       83
       84
       84
       84
       84
       84
       84
       84
       83
       83
       83
       83
       81
       81
       81
       81
       81
       81
       81
       81
       81
       81
       81
       81
       79
       79
       79
       81
       81
       83
       84
       83
       83
       83
       83
       83
       84
       83
       81
       81
       84
       84
       83
       81
       81
       81
       81
       77
       73
       73
       69
       69
       69
       67
       67
       67
       67
       69
       67
       67
       67
       67
       69
       69
       71
       69
       69
       58
       52
       52
       52
       52
       52
       52
       52
       52
       54
       54
       54
       54
       49
       47
       45
       43
       41
       41
       41
       43
       43
       43
       43
       45
       47
       45
       45
       43
       43
       39
       39
       37
       37
       37
       35
       33
       33
       33
       33
       30
       30
       30
       32
       32
       32
       32
       32
       26
       26
       26
       26
       26
       26
       26
       26
       26
       26
       26
       26
       24
       24
       24
       26
       24
       24
       24
       24
       24
       26
       26
       26
       28
       28
       28
       30
       30
       30
       30
       30
       30
       30
       28
       28
       28
       28
       28
       28
       28
       30
       30
       30
       30
       32
       33
       33
       35
       35
       35
       35
       35
       35
       35
       37
       35
       35
       35
       35
       35
       35
       35
       35
       35
       33
       33
       33
       33
       33
       33
       33
       33
       33
       33
       33
       33
       33
       33
       33
       33
       30
       30
       32
       32
       32
       32
       32
       32
       32
       32
       32
       32
       32
       32
       32
       32
       32
       32
       39
       39
       39
       39
       39
       39
       39
       39
       39
       39
       39
       39
       39
       39
       39
       39
       39
       39
       39
       39
       39
       39
       39
       39
       39
       39
       39
       39
       39
       39
       39
       39
       39
       39
       41
       41
       41
       41
       41
       41
       41
       39
       39
       39
       39
       39
       39
       39
       39
       39
       39
       39
       39
       39
       39
       39
       39
       39
       39
       39
       39
       39
       39
       39
       39
       39
       39
       39
       39
       39
       39
       39
       39
       39
       39
       39
       39
       39
       39
       39
       39
       39
       39
       39
       39
       39
       39
       39
       39
       39
       39
       39
       39
       39
       39
       39
       39
       39
       39
       39
       39
       39
       39
       39
       39
       39
       39
       39
       39
       39
       39
       39
       39
       39
       39
       39
       39
       39
       39
       39
       39
       39
       39
       39
       39
       39
       39
       39
       39
       39
       39
       35
       26
       18
        9
        5
        1
        1
        1
        1
        1
        1
        1
        1
        1
        1
        1
        1
        1
        1
        1
        1
        1
        1
        1
        1
        1
        1
        1
        1
        1
        1
        1
        1
        1
        1
        1
        1
        1
        1
        1
        1
        1
        1
        1
        1
        1
        1
        1
        1
        1
        1
        1
        1
        1
        1
        1
        1
        1
        1
        1
        1
        1
        1
        1
        1
        1
        1
        1
        1
        1
        1
        1
        1
        1
        1
        1
        1
        1
        1
        1
        1
        1
        1
        1
        1
        1
        1
        1
        1
        1
        1
        1
        1
        1
        1
        1
        1
        1
        1
        1
        1
        1
        1
        1
        3
        3
        1
        1
        1
        1
        3
        3
        3
        3
        5
        7
        7
        7
        7
        7
        7
        7
        7
        7
        7
        7
        7
        7
        7
        7
        9
        9
        9
        9
        7
        7
        7
        7
        7
        7
        7
        5
        5
        7
        7
        5
        5
        5
        5
        5
        5
        5
        5
        5
        5
        5
        5
        9
        7
        7
        9
        9
        9
        9
        7
       11
        7
        5
        5
        3
        5
        7
       13
       16
       20
       22
       24
       26
       28
       28
       30
       30
       30
       32
       33
       33
       37
       37
       37
       39
       39
       39
       39
       39
       41
       41
       41
       41
       41
       41
       41
       41
       41
       41
       41
       39
       37
       37
       35
       35
       35
       35
       35
       39
       37
       37
       37
       37
       41
       43
       45
       45
       45
       43
       43
       43
       43
       41
       41
       39
       45
       45
       45
       45
       45
       45
       45
       45
       45
       47
       47
       47
       49
       49
       49
       49
       49
       49
       47
       47
       45
       49
       49
       45
       43
       43
       43
       43
       41
       43
       45
       45
       43
       45
       45
       43
       43
       43
       43
       43
       43
       43
       41
       39
       39
       39
       39
       39
       39
       39
       41
       39
       39
       37
       37
       37
       37
       37
       33
       33
       33
       33
       32
       32
       32
       33
       30
       32
       32
       32
       32
       32
       32
       33
       33
       33
       33
       35
       35
       35
       35
       35
       35
       35
       37
       37
       39
       39
       41
       43
       43
       43
       43
       45
       45
       43
       43
       43
       43
       41
       41
       41
       43
       43
       41
       41
       41
       43
       43
       43
       45
       45
       45
       47
       47
       47
       47
       47
       47
       43
       43
       43
       43
       43
       43
       45
       45
       45
       45
       45
       45
       45
       43
       43
       43
       43
       43
       45
       45
       41
       41
       43
       37
       37
       37
       41
       41
       41
       41
       41
       37
       37
       39
       39
       41
       41
       41
       41
       41
       41
       41
       41
       41
       41
       41
       41
       41
       43
       43
       43
       43
       41
       41
       39
       39
       39
       39
       41
       41
       41
       41
       41
       41
       41
       39
       37
       37
       37
       37
       37
       37
       39
       39
       39
       39
       37
       35
       35
       35
       37
       37
       33
       33
       33
       33
       33
       33
       33
       33
       35
       35
       35
       35
       35
       35
       35
       33
       33
       33
       33
       33
       33
       35
       37
       37
       37
       35
       35
       37
       37
       33
       32
       32
       32
       30
       30
       32
       32
       32
       33
       32
       28
       28
       28
       28
       28
       24
       20
       20
       20
       20
       18
       16
       16
       16
       15
       15
       15
       15
       15
       15
       15
       15
       15
       13
       13
       15
       15
       15
       15
       15
       15
       13
       15
       15
       15
       15
       15
       16
       16
       20
       22
       22
       22
       22
       24
       24
       26
       26
       26
       26
       26
       26
       26
       26
       26
       26
       26
       26
       26
       26
       26
       28
       28
       28
       28
       28
       28
       28
       32
       30
       30
       30
       33
       33
       33
       33
       33
       33
       33
       33
       35
       35
       35
       35
       35
       41
       41
       41
       41
       41
       41
       41
       39
       39
       39
       39
       39
       39
       41
       41
       41
       41
       39
       39
       39
       37
       37
       37
       37
