2.21309566808
0.131571540237
0.0945852214228
0.0820182685376
0.0717828315263
0.0634224541992
0.0609313204571
0.0549668931467
0.0529522117205
0.0500991751322
0.0491524699658
0.0446125845687
0.0448864780129
0.0423157776729
0.0415121883535
0.0411411390672
0.0397615851611
0.0362986977201
0.0364733671439
0.03614052063
0.0348042332331
0.0334006753679
0.0342637468297
0.0334136574565
0.0324396215666
0.0327808816515
0.032052184978
0.0319318074148
0.0303138459977
0.0309169347827
0.0313581259595
0.0295032539286
0.0290489961123
0.0289635736331
0.0294845077805
0.0292647705445
0.0276479828062
0.0285345894091
0.0282282223039
0.0280951456824
0.0274934275591
0.0267058109124
0.026962255261
0.0262410713498
0.0268113427036
0.0264413185558
0.0252650992019
0.0262193166738
0.0267355429715
0.0258744391222
0.0261631884909
0.0252897981078
0.025498750293
0.0253914787782
0.0251644057127
0.0242068909033
0.0240503597519
0.0249280883113
0.0252406833495
0.0237264112682
0.0242134484632
0.0242227545682
0.0241473768739
0.0235389164151
0.0231527988969
0.0234258935083
0.0239532810372
0.024269349598
0.0232960663806
0.0227732455752
0.0236964176587
0.0231079256865
0.0234247891373
0.0230090823096
0.0234515960505
0.023371410412
0.0229801327274
0.0223790312986
0.0231392242553
0.0226889059796
0.0225738974433
0.0231741244673
0.0232371731284
0.0224524352068
0.0214597983026
0.0221418696097
0.0223841921767
0.0224500000339
0.0221171789022
0.0207543715389
0.0216079211611
0.0216035984253
0.0219518902081
0.0218200804391
0.0222006089589
0.0212509087676
0.0218997247282
1.55104006766
0.128443941115
0.0906796721874
0.0711487207783
0.0645174182508
0.0600142291057
0.0571897066361
0.0513275394676
0.0520572701204
0.0505586966812
0.0476837609174
0.047128641772
0.0460811689249
0.0433516069535
0.0427871169121
0.0433458805786
0.0430744484585
0.0422228891193
0.0383539483742
0.0398273483392
0.0373449742551
0.038316353772
0.0370671819826
0.0371749623035
0.0369307766074
0.0360429252728
0.0338445310498
0.0344279930818
0.0346615802775
0.0344123899897
0.0335830752106
0.0338977765743
0.0332673300049
0.0327752376651
0.0327966664856
0.0336356715444
0.0317279509088
0.0314700762687
0.0311680484128
0.031017568464
0.0314949647254
0.030991383417
0.0298549773088
0.0303055653317
